0001000100111111
0001000101101011
0001000110010111
0001000111000011
0001000111101111
0001001000011011
0001001001000111
0001001001110011
0001001010100000
0001001011001100
0001001011111000
0001001100100100
0001001101010000
0001001101111100
0001001110101000
0001001111010100
0001010000000000
0001010000101100
0001010001011000
0001010010000100
0001010010110000
0001010011011100
0001010100001000
0001010100110100
0001010101100000
0001010110001101
0001010110111001
0001010111100101
0001011000010001
0001011000111101
0001011001101001
0001011010010101
0001011011000001
0001011011101101
0001011100011001
0001011101000101
0001011101110001
0001011110011101
0001011111001001
0001011111110101
0001100000100001
0001100001001110
0001100001111010
0001100010100110
0001100011010010
0001100011111110
0001100100101010
0001100101010110
0001100110000010
0001100110101110
0001100111011010
0001101000000110
0001101000110010
0001101001011110
0001101010001010
0001101010110110
0001101011100010
0001101100001110
0001101100111011
0001101101100111
0001101110010011
0001101110111111
0001101111101011
0001110000010111
0001110001000011
0001110001101111
0001110010011011
0001110011000111
0001110011110011
0001110100011111
0001110101001011
0001110101110111
0001110110100011
0001110111001111
0001110111111011
0001111000101000
0001111001010100
0001111010000000
0001111010101100
0001111011011000
0001111100000100
0001111100110000
0001111101011100
0001111110001000
0001111110110100
0001111111100000
0010000000001100
0010000000111000
0010000001100100
0010000010010000
0010000010111100
0010000011101001
0010000100010101
0010000101000001
0010000101101101
0010000110011001
0010000111000101
0010000111110001
0010001000011101
0010001001001001
0010001001110101
0010001010100001
0010001011001101
0010001011111001
0010001100100101
0010001101010001
0010001101111101
0010001110101001
0010001111010110
0010010000000010
0010010000101110
0010010001011010
0010010010000110
0010010010110010
0010010011011110
0010010100001010
0010010100110110
0010010101100010
0010010110001110
0010010110111010
0010010111100110
0010011000010010
0010011000111110
0010011001101010
0010011010010110
0010011011000011
0000000000000000
0000000000000000
0000000000000000
0000000000000000
0000000000000000
0000000000000000
0000000000000000
0000000000000000
0000000000000000
0000000000000000
0000000000000000
0000000000000000
0000000000000000
0000000000000000
0000000000000000
0000000000000000
0000000000000000
0000000000000000
0000000000000000
0000000000000000
0000000000000000
0000000000000000
0000000000000000
0000000000000000
0000000000000000
0000000000000000
0000000000000000
0000000000000000
0000000000000000
0000000000000000
0000000000000000
0000000000000000
0000000000000000
0000000000000000
0000000000000000
0000000000000000
0000000000000000
0000000000000000
0000000000000000
0000000000000000
0000000000000000
0000000000000000
0000000000000000
0000000000000000
0000000000000000
0000000000000000
0000000000000000
0000000000000000
0000000000000000
0000000000000000
0000000000000000
0000000000000000
0000000000000000
0000000000000000
0000000000000000
0000000000000000
0000000000000000
0000000000000000
0000000000000000
0000000000000000
0000000000000000
0000000000000000
0010011011000011
0010011000100110
0010010110001001
0010010011101101
0010010001010000
0010001110110011
0010001100010111
0010001001111010
0010000111011101
0010000101000001
0010000010100100
0010000000000111
0001111101101011
0001111011001110
0001111000110001
0001110110010101
0001110011111000
0001110001011100
0001101110111111
0001101100100010
0001101010000110
0001100111101001
0001100101001100
0001100010110000
0001100000010011
0001011101110110
0001011011011010
0001011000111101
0001010110100000
0001010100000100
0001010001100111
0001001111001010
0001001100101110
0001001010010001
0001000111110100
0001000101011000
0001000010111011
0001000000011111
0000111110000010
0000111011100101
0000111001001001
0000110110101100
0000110100001111
0000110001110011
0000101111010110
0000101100111001
0000101010011101
0000101000000000
0000100101100011
0000100011000111
0000100000101010
0000011110001101
0000011011110001
0000011001010100
0000010110110111
0000010100011011
0000010001111110
0000001111100001
0000001101000101
0000001010101000
0000001000001100
0000000101101111
0000000011010010
0000000000110110
1111111110011001
1111111011111100
1111111001100000
1111110111000011
